3137|
3135|
3128|
3114|
3124|
2450|
3103|
3119|
3101|
2910|
3068|
3077|
3085|
2948|
3008|
nancybarrios|
1456|
2918|
victoralturria|
2901|
1083|
491|
2633|
1651|
193|
oscarbouzos|
469|
2748|
560|
1323|
1690|
277|
2794|
antonellaalesandrini|
2807|
2662|
2460|
2661|
2045|
453|
905|
2158|archivos/10-20-2158.pdf
2544|
1324|
778|
666|
887|
1096|
920|
1894|
1448|
1851|
2564|
1841|
2076|
1949|
943|
1745|
2416|
895|
1710|
1797|
1018|
2096|
2204|
901|
1661|
538|
1824|
482|
1732|
1386|
1294|
1646|
2059|
2459|
2351|
1267|
2755|
2018|
2003|
2418|
1217|
1929|
2105|
2265|
1382|
2551|
525|
612|
1086|
1702|
232|
2501|
1464|
516|
1535|
1530|
1658|
2499|
2372|
1761|
206|
1065|
2272|
2257|
603|
2032|
2280|
1548|
2266|
1977|
2740|
1664|
1476|
2279|
1622|
1886|
389|
1965|
2506|
2248|
1088|
1813|
mircobarbara|
1838|
3131|
3145|
3146|
3148|
3149|
2278|
3053|
3184|
3032|
3127|
3150|
3155|
3164|
3156|
3159|
3161|
41432|archivos/10-20-41432.pdf|
769875|